#ifndef SQUARE_TABLE_H__
#define SQUARE_TABLE_H__

#include "types.h"

const int PST[PieceNum][PHASE_NUM][SquareNum] = {
{ // NONE
  {0},
  {0},
},
{ // PAWN
    {
      0, 0, 0, 0, 0, 0, 0,  0,
    -28,-6, 4,14,14, 4,-6,-28,
    -28,-6, 9,36,36, 9,-6,-28,
    -28,-6,17,58,58,17,-6,-28,
    -28,-6,17,36,36,17,-6,-28,
    -28,-6, 9,14,14, 9,-6,-28,
    -28,-6, 4,14,14, 4,-6,-28,
      0, 0, 0, 0, 0, 0, 0,  0,
    },
    {
     0, 0, 0, 0, 0, 0, 0, 0,
    -8,-8,-8,-8,-8,-8,-8,-8,
    -8,-8,-8,-8,-8,-8,-8,-8,
    -8,-8,-8,-8,-8,-8,-8,-8,
    -8,-8,-8,-8,-8,-8,-8,-8,
    -8,-8,-8,-8,-8,-8,-8,-8,
    -8,-8,-8,-8,-8,-8,-8,-8,
     0, 0, 0, 0, 0, 0, 0, 0,
    },
},
{ // KNIGHT
    {
    -135,-107,-80,-67,-67,-80,-107,-135,
     -93, -67,-39,-25,-25,-39, -67, -93,
     -53, -25,  1, 13, 13,  1, -25, -53,
     -25,   1, 27, 41, 41, 27,   1, -25,
     -11,  13, 41, 55, 55, 41,  13, -11,
     -11,  13, 41, 55, 55, 41,  13, -11,
     -53, -25,  1, 13, 13,  1, -25, -53,
    -193, -67,-39,-25,-25,-39, -67,-193,
    },
    {
    -104,-79,-55,-42,-42,-55,-79,-104,
     -79,-55,-30,-17,-17,-30,-55, -79,
     -55,-30, -6,  5,  5, -6,-30, -55,
     -42,-17,  5, 18, 18,  5,-17, -42,
     -42,-17,  5, 18, 18,  5,-17, -42,
     -55,-30, -6,  5,  5, -6,-30, -55,
     -79,-55,-30,-17,-17,-30,-55, -79,
    -104,-79,-55,-42,-42,-55,-79,-104,
    },
},
{ // BISHOP
    {
    -40,-40,-35,-30,-30,-35,-40,-40,
    -17,  0, -4,  0,  0, -4,  0,-17,
    -13, -4,  8,  4,  4,  8, -4,-13,
     -8,  0,  4, 17, 17,  4,  0, -8,
     -8,  0,  4, 17, 17,  4,  0, -8,
    -13, -4,  8,  4,  4,  8, -4,-13,
    -17,  0, -4,  0,  0, -4,  0,-17,
    -17,-17,-13, -8, -8,-13,-17,-17,
    },
    {
    -59,-42,-35,-26,-26,-35,-42,-59,
    -42,-26,-18,-11,-11,-18,-26,-42,
    -35,-18,-11, -4, -4,-11,-18,-35,
    -26,-11, -4,  4,  4, -4,-11,-26,
    -26,-11, -4,  4,  4, -4,-11,-26,
    -35,-18,-11, -4, -4,-11,-18,-35,
    -42,-26,-18,-11,-11,-18,-26,-42,
    -59,-42,-35,-26,-26,-35,-42,-59,
    },
},
{ // ROOK
    {
    -12,-7,-2, 2, 2,-2,-7,-12,
    -12,-7,-2, 2, 2,-2,-7,-12,
    -12,-7,-2, 2, 2,-2,-7,-12,
    -12,-7,-2, 2, 2,-2,-7,-12,
    -12,-7,-2, 2, 2,-2,-7,-12,
    -12,-7,-2, 2, 2,-2,-7,-12,
    -12,-7,-2, 2, 2,-2,-7,-12,
    -12,-7,-2, 2, 2,-2,-7,-12,
    },
    {
     3, 3, 3, 3, 3, 3, 3, 3,
     3, 3, 3, 3, 3, 3, 3, 3,
     3, 3, 3, 3, 3, 3, 3, 3,
     3, 3, 3, 3, 3, 3, 3, 3,
     3, 3, 3, 3, 3, 3, 3, 3,
     3, 3, 3, 3, 3, 3, 3, 3,
     3, 3, 3, 3, 3, 3, 3, 3,
     3, 3, 3, 3, 3, 3, 3, 3,
    },
},
{ // QUEEN
    {
     8, 8, 8, 8, 8, 8, 8, 8,
     8, 8, 8, 8, 8, 8, 8, 8,
     8, 8, 8, 8, 8, 8, 8, 8,
     8, 8, 8, 8, 8, 8, 8, 8,
     8, 8, 8, 8, 8, 8, 8, 8,
     8, 8, 8, 8, 8, 8, 8, 8,
     8, 8, 8, 8, 8, 8, 8, 8,
     8, 8, 8, 8, 8, 8, 8, 8,
    },
    {
    -80,-54,-42,-30,-30,-42,-54,-80,
    -54,-30,-18, -6, -6,-18,-30,-54,
    -42,-18, -6,  6,  6, -6,-18,-42,
    -30, -6,  6, 18, 18,  6, -6,-30,
    -30, -6,  6, 18, 18,  6, -6,-30,
    -42,-18, -6,  6,  6, -6,-18,-42,
    -54,-30,-18, -6, -6,-18,-30,-54,
    -80,-54,-42,-30,-30,-42,-54,-80,
    },
},
{ // KING
    {
    287,311,262,214,214,262,311,287,
    262,287,238,190,190,238,287,262,
    214,238,190,142,142,190,238,214,
    190,214,167,119,119,167,214,190,
    167,190,142, 94, 94,142,190,167,
    142,167,119, 69, 69,119,167,142,
    119,142, 94, 46, 46, 94,142,119,
     94,119, 69, 21, 21, 69,119, 94,
    },
    {
     18, 77,105,135,135,105, 77, 18,
     77,135,165,193,193,165,135, 77,
    105,165,193,222,222,193,165,105,
    135,193,222,251,251,222,193,135,
    135,193,222,251,251,222,193,135,
    105,165,193,222,222,193,165,105,
     77,135,165,193,193,165,135, 77,
     18, 77,105,135,135,105, 77, 18,
    },
},
};


#endif

